2082
1219
2326
3860
2788
4242
4233
1772
1096
2791
1356
3424
3877
2390
4245
2218
3774
2142
2028
1626
2219
3182
3435
2686
2561
3306
4415
2301
1565
4076
4086
1340
4775
1723
3800
3388
3661
3869
1402
2121
4358
4267
1157
1741
3049
3593
4671
1881
3205
4676
3328
3427
2426
4518
3674
4923
4692
4188
1194
2037
1516
3406
1074
1927
1882
1052
3965
1825
2865
2235
3399
3527
3425
1990
1550
1172
1241
3688
4204
1312
2766
4424
1866
4579
4025
1798
3188
1294
4511
3147
2512
4175
3209
2294
3259
3506
2030
1152
2491
2887
1341
1523
2315
3230
2538
4699
1359
3274
4978
2719
4816
3018
2269
4288
2777
3080
3932
1243
3061
2603
2056
1071
3267
1972
5001
2954
3791
3913
1239
3894
4202
2081
4398
3374
4815
2589
3146
